15
next
0
sep
4
1.0 1.0
0.0 1.0
0.0 0.0
1.0 0.0
next
1
sep
4
4.0 1.0
1.0 1.0
1.0 0.0
4.0 0.0
next
2
sep
14
11.0 2.0
9.0 2.0
9.0 1.0
6.0 1.0
6.0 2.0
7.0 2.0
7.0 3.0
5.0 3.0
5.0 2.0
4.0 2.0
4.0 0.0
18.0 0.0
18.0 1.0
11.0 1.0
next
2
sep
6
28.0 2.0
26.0 2.0
26.0 0.0
33.0 0.0
33.0 1.0
28.0 1.0
next
2
sep
4
77.0 1.0
84.0 1.0
84.0 0.0
77.0 0.0
next
2
sep
4
15.0 3.0
17.0 3.0
17.0 2.0
15.0 2.0
next
2
sep
4
12.0 4.0
11.0 4.0
11.0 3.0
12.0 3.0
next
3
sep
4
15.0 3.0
17.0 3.0
17.0 2.0
15.0 2.0
sep
90
11.0 2.0
11.0 1.0
18.0 1.0
18.0 0.0
26.0 0.0
26.0 2.0
28.0 2.0
28.0 1.0
33.0 1.0
33.0 0.0
77.0 0.0
77.0 1.0
84.0 1.0
84.0 0.0
100.0 0.0
100.0 100.0
52.0 100.0
52.0 98.0
51.0 98.0
51.0 96.0
50.0 96.0
50.0 94.0
49.0 94.0
49.0 92.0
48.0 92.0
48.0 45.0
47.0 45.0
47.0 44.0
46.0 44.0
46.0 43.0
45.0 43.0
45.0 80.0
42.0 80.0
42.0 79.0
41.0 79.0
41.0 77.0
40.0 77.0
40.0 75.0
39.0 75.0
39.0 73.0
38.0 73.0
38.0 71.0
37.0 71.0
37.0 69.0
36.0 69.0
36.0 67.0
35.0 67.0
35.0 65.0
34.0 65.0
34.0 64.0
33.0 64.0
33.0 31.0
32.0 31.0
32.0 30.0
31.0 30.0
31.0 80.0
23.0 80.0
23.0 43.0
22.0 43.0
22.0 41.0
21.0 41.0
21.0 39.0
20.0 39.0
20.0 37.0
19.0 37.0
19.0 35.0
18.0 35.0
18.0 11.0
17.0 11.0
17.0 10.0
15.0 10.0
15.0 9.0
13.0 9.0
13.0 8.0
12.0 8.0
12.0 7.0
10.0 7.0
10.0 6.0
9.0 6.0
9.0 5.0
7.0 5.0
7.0 4.0
6.0 4.0
6.0 3.0
7.0 3.0
7.0 2.0
6.0 2.0
6.0 1.0
9.0 1.0
9.0 2.0
sep
4
11.0 4.0
12.0 4.0
12.0 3.0
11.0 3.0
next
3
sep
4
5.0 3.0
4.0 3.0
4.0 2.0
5.0 2.0
next
4
sep
4
1.0 2.0
0.0 2.0
0.0 1.0
1.0 1.0
next
5
sep
14
3.0 4.0
2.0 4.0
2.0 5.0
3.0 5.0
3.0 7.0
2.0 7.0
2.0 6.0
0.0 6.0
0.0 2.0
1.0 2.0
1.0 1.0
4.0 1.0
4.0 3.0
3.0 3.0
next
5
sep
4
4.0 5.0
3.0 5.0
3.0 4.0
4.0 4.0
next
5
sep
4
2.0 11.0
1.0 11.0
1.0 9.0
2.0 9.0
next
6
sep
4
4.0 4.0
3.0 4.0
3.0 3.0
4.0 3.0
next
6
sep
4
3.0 5.0
2.0 5.0
2.0 4.0
3.0 4.0
next
6
sep
14
4.0 26.0
2.0 26.0
2.0 23.0
1.0 23.0
1.0 11.0
2.0 11.0
2.0 9.0
1.0 9.0
1.0 6.0
2.0 6.0
2.0 7.0
3.0 7.0
3.0 5.0
4.0 5.0
next
7
sep
70
13.0 9.0
15.0 9.0
15.0 10.0
17.0 10.0
17.0 11.0
18.0 11.0
18.0 35.0
19.0 35.0
19.0 37.0
20.0 37.0
20.0 39.0
21.0 39.0
21.0 41.0
22.0 41.0
22.0 43.0
23.0 43.0
23.0 80.0
31.0 80.0
31.0 30.0
32.0 30.0
32.0 31.0
33.0 31.0
33.0 64.0
34.0 64.0
34.0 65.0
35.0 65.0
35.0 67.0
36.0 67.0
36.0 69.0
37.0 69.0
37.0 71.0
38.0 71.0
38.0 73.0
39.0 73.0
39.0 75.0
40.0 75.0
40.0 77.0
41.0 77.0
41.0 79.0
42.0 79.0
42.0 80.0
45.0 80.0
45.0 43.0
46.0 43.0
46.0 44.0
47.0 44.0
47.0 45.0
48.0 45.0
48.0 92.0
49.0 92.0
49.0 94.0
50.0 94.0
50.0 96.0
51.0 96.0
51.0 98.0
52.0 98.0
52.0 100.0
4.0 100.0
4.0 3.0
6.0 3.0
6.0 4.0
7.0 4.0
7.0 5.0
9.0 5.0
9.0 6.0
10.0 6.0
10.0 7.0
12.0 7.0
12.0 8.0
13.0 8.0
next
8
sep
4
1.0 8.0
0.0 8.0
0.0 6.0
1.0 6.0
next
9
sep
4
1.0 14.0
0.0 14.0
0.0 8.0
1.0 8.0
next
9
sep
4
2.0 28.0
1.0 28.0
1.0 26.0
2.0 26.0
next
10
sep
4
1.0 18.0
0.0 18.0
0.0 14.0
1.0 14.0
next
10
sep
4
1.0 26.0
0.0 26.0
0.0 33.0
1.0 33.0
next
10
sep
4
1.0 84.0
0.0 84.0
0.0 77.0
1.0 77.0
next
11
sep
4
1.0 26.0
0.0 26.0
0.0 18.0
1.0 18.0
next
11
sep
12
1.0 33.0
0.0 33.0
0.0 77.0
1.0 77.0
1.0 84.0
0.0 84.0
0.0 100.0
3.0 100.0
3.0 71.0
2.0 71.0
2.0 42.0
1.0 42.0
next
12
sep
4
2.0 24.0
1.0 24.0
1.0 23.0
2.0 23.0
next
13
sep
4
2.0 26.0
1.0 26.0
1.0 24.0
2.0 24.0
next
13
sep
10
2.0 28.0
1.0 28.0
1.0 42.0
2.0 42.0
2.0 71.0
3.0 71.0
3.0 74.0
4.0 74.0
4.0 26.0
2.0 26.0
next
14
sep
4
4.0 74.0
3.0 74.0
3.0 100.0
4.0 100.0
