9
next
0
sep
4
0.0 0.0
0.1 0.0
0.1 0.1
0.0 0.1
next
1
sep
4
0.1 0.1
2.6 0.1
2.6 0.0
0.1 0.0
next
2
sep
1098
38.9 23.2
38.8 23.2
38.8 23.1
38.7 23.1
38.7 23.0
38.6 23.0
38.6 22.9
38.5 22.9
38.5 22.8
38.4 22.8
38.4 22.7
38.2 22.7
38.2 22.6
38.1 22.6
38.1 22.5
38.0 22.5
38.0 22.4
37.9 22.4
37.9 22.3
37.8 22.3
37.8 22.2
37.6 22.2
37.6 22.1
37.5 22.1
37.5 22.0
37.4 22.0
37.4 21.9
37.3 21.9
37.3 21.8
37.2 21.8
37.2 21.7
37.0 21.7
37.0 21.6
36.9 21.6
36.9 21.5
36.8 21.5
36.8 21.4
36.7 21.4
36.7 21.3
36.6 21.3
36.6 21.2
36.4 21.2
36.4 21.1
36.3 21.1
36.3 21.0
36.2 21.0
36.2 20.9
36.1 20.9
36.1 20.8
36.0 20.8
36.0 20.7
35.9 20.7
35.9 20.6
35.7 20.6
35.7 20.5
35.6 20.5
35.6 20.4
35.5 20.4
35.5 20.3
35.4 20.3
35.4 20.2
35.3 20.2
35.3 20.1
35.1 20.1
35.1 20.0
35.0 20.0
35.0 19.9
34.9 19.9
34.9 19.8
34.8 19.8
34.8 19.7
34.7 19.7
34.7 19.6
34.6 19.6
34.6 19.5
34.4 19.5
34.4 19.4
34.3 19.4
34.3 19.3
34.2 19.3
34.2 19.2
34.1 19.2
34.1 19.1
34.0 19.1
34.0 19.0
33.8 19.0
33.8 18.9
33.7 18.9
33.7 18.8
33.6 18.8
33.6 18.7
33.5 18.7
33.5 18.6
33.4 18.6
33.4 18.5
33.2 18.5
33.2 18.4
33.1 18.4
33.1 18.3
33.0 18.3
33.0 18.2
32.9 18.2
32.9 18.1
32.8 18.1
32.8 18.0
32.6 18.0
32.6 17.9
32.5 17.9
32.5 17.8
32.4 17.8
32.4 17.7
32.3 17.7
32.3 17.6
32.2 17.6
32.2 17.5
32.1 17.5
32.1 17.4
31.9 17.4
31.9 17.3
31.8 17.3
31.8 17.2
31.7 17.2
31.7 17.1
31.6 17.1
31.6 17.0
31.5 17.0
31.5 16.9
31.3 16.9
31.3 16.8
31.2 16.8
31.2 16.7
31.1 16.7
31.1 16.6
31.0 16.6
31.0 16.5
30.9 16.5
30.9 16.4
30.8 16.4
30.8 16.3
30.6 16.3
30.6 16.2
30.5 16.2
30.5 16.1
30.4 16.1
30.4 16.0
30.3 16.0
30.3 15.9
30.2 15.9
30.2 15.8
30.1 15.8
30.1 15.7
29.9 15.7
29.9 15.6
29.8 15.6
29.8 15.5
29.7 15.5
29.7 15.4
29.6 15.4
29.6 15.3
29.4 15.3
29.4 15.2
29.3 15.2
29.3 15.1
29.2 15.1
29.2 15.0
29.1 15.0
29.1 14.9
29.0 14.9
29.0 14.8
28.9 14.8
28.9 14.7
28.8 14.7
28.8 14.6
28.6 14.6
28.6 14.5
28.5 14.5
28.5 14.4
28.4 14.4
28.4 14.3
28.3 14.3
28.3 14.2
28.1 14.2
28.1 14.1
28.0 14.1
28.0 14.0
27.9 14.0
27.9 13.9
27.8 13.9
27.8 13.8
27.7 13.8
27.7 13.7
27.6 13.7
27.6 13.6
27.4 13.6
27.4 13.5
27.3 13.5
27.3 13.4
27.2 13.4
27.2 13.3
27.1 13.3
27.1 13.2
26.9 13.2
26.9 13.1
26.8 13.1
26.8 13.0
26.7 13.0
26.7 12.9
26.6 12.9
26.6 12.8
26.5 12.8
26.5 12.7
26.4 12.7
26.4 12.6
26.3 12.6
26.3 12.5
26.1 12.5
26.1 12.4
26.0 12.4
26.0 12.3
25.9 12.3
25.9 12.2
25.8 12.2
25.8 12.1
25.7 12.1
25.7 12.0
14.4 12.0
14.4 1.2
14.0 1.2
14.0 1.1
13.3 1.1
13.3 1.0
12.5 1.0
12.5 0.9
11.8 0.9
11.8 0.8
11.1 0.8
11.1 0.7
10.2 0.7
10.2 0.6
9.5 0.6
9.5 0.5
8.9 0.5
8.9 0.4
8.2 0.4
8.2 0.3
7.3 0.3
7.3 0.2
7.1 0.2
7.1 0.0
2.6 0.0
2.6 0.3
2.3 0.3
2.3 0.4
2.0 0.4
2.0 0.5
1.7 0.5
1.7 0.6
1.4 0.6
1.4 0.7
1.1 0.7
1.1 0.8
0.7 0.8
0.7 0.9
0.4 0.9
0.4 1.0
0.0 1.0
0.0 1.5
0.1 1.5
0.1 1.6
0.0 1.6
0.0 19.5
0.1 19.5
0.1 19.3
9.2 19.3
9.2 100.0
14.4 100.0
14.4 55.1
14.7 55.1
14.7 55.0
14.8 55.0
14.8 55.1
15.0 55.1
15.0 55.0
15.1 55.0
15.1 55.1
15.3 55.1
15.3 55.0
15.4 55.0
15.4 55.1
15.6 55.1
15.6 55.0
15.7 55.0
15.7 55.1
15.9 55.1
15.9 55.0
16.0 55.0
16.0 55.1
16.2 55.1
16.2 55.0
16.3 55.0
16.3 55.1
16.4 55.1
16.4 55.0
16.6 55.0
16.6 55.1
16.7 55.1
16.7 55.0
16.9 55.0
16.9 55.1
17.0 55.1
17.0 55.0
17.2 55.0
17.2 55.1
17.3 55.1
17.3 55.0
17.5 55.0
17.5 55.1
17.6 55.1
17.6 55.0
19.2 55.0
19.2 55.1
19.3 55.1
19.3 55.0
19.4 55.0
19.4 55.1
19.6 55.1
19.6 55.0
19.7 55.0
19.7 55.1
19.8 55.1
19.8 55.0
20.0 55.0
20.0 55.1
20.1 55.1
20.1 55.0
20.3 55.0
20.3 55.1
20.4 55.1
20.4 55.0
20.6 55.0
20.6 55.1
20.7 55.1
20.7 55.0
20.9 55.0
20.9 55.1
21.0 55.1
21.0 55.0
21.2 55.0
21.2 55.1
21.3 55.1
21.3 55.0
24.0 55.0
24.0 55.1
24.1 55.1
24.1 55.0
24.2 55.0
24.2 55.1
24.4 55.1
24.4 55.0
24.5 55.0
24.5 55.1
24.7 55.1
24.7 55.0
24.8 55.0
24.8 55.1
24.9 55.1
24.9 55.0
25.1 55.0
25.1 55.1
25.2 55.1
25.2 55.0
25.4 55.0
25.4 55.1
25.5 55.1
25.5 55.0
25.7 55.0
25.7 55.1
25.8 55.1
25.8 55.0
26.0 55.0
26.0 55.1
26.1 55.1
26.1 55.0
26.3 55.0
26.3 55.1
26.4 55.1
26.4 55.0
28.8 55.0
28.8 55.1
28.9 55.1
28.9 55.0
29.0 55.0
29.0 55.1
29.2 55.1
29.2 55.0
29.3 55.0
29.3 55.1
29.5 55.1
29.5 55.0
29.7 55.0
29.7 55.1
29.8 55.1
29.8 55.0
33.6 55.0
33.6 55.1
33.7 55.1
33.7 55.0
33.9 55.0
33.9 55.1
34.0 55.1
34.0 55.0
34.2 55.0
34.2 55.1
34.3 55.1
34.3 55.0
34.5 55.0
34.5 55.1
34.6 55.1
34.6 55.0
34.8 55.0
34.8 55.1
34.9 55.1
34.9 55.0
38.4 55.0
38.4 55.1
38.5 55.1
38.5 55.0
38.7 55.0
38.7 55.1
38.8 55.1
38.8 55.0
39.0 55.0
39.0 55.1
39.1 55.1
39.1 55.0
39.3 55.0
39.3 55.1
39.4 55.1
39.4 55.0
39.6 55.0
39.6 55.1
39.7 55.1
39.7 55.0
39.9 55.0
39.9 55.1
40.0 55.1
40.0 55.0
43.3 55.0
43.3 55.1
43.4 55.1
43.4 55.0
48.1 55.0
48.1 55.1
48.2 55.1
48.2 55.0
48.4 55.0
48.4 55.1
48.5 55.1
48.5 55.0
62.3 55.0
62.3 55.1
62.4 55.1
62.4 55.0
76.5 55.0
76.5 54.9
76.4 54.9
76.4 54.8
76.3 54.8
76.3 54.7
76.2 54.7
76.2 54.6
76.1 54.6
76.1 54.5
76.0 54.5
76.0 54.4
75.8 54.4
75.8 54.3
75.7 54.3
75.7 54.2
75.6 54.2
75.6 54.1
75.5 54.1
75.5 54.0
75.4 54.0
75.4 53.9
75.3 53.9
75.3 53.8
75.1 53.8
75.1 53.7
75.0 53.7
75.0 53.6
74.9 53.6
74.9 53.5
74.8 53.5
74.8 53.4
74.7 53.4
74.7 53.3
74.5 53.3
74.5 53.2
74.4 53.2
74.4 53.1
74.3 53.1
74.3 53.0
74.2 53.0
74.2 52.9
74.1 52.9
74.1 52.8
74.0 52.8
74.0 52.7
73.8 52.7
73.8 52.6
73.7 52.6
73.7 52.5
73.6 52.5
73.6 52.4
73.5 52.4
73.5 52.3
73.4 52.3
73.4 52.2
73.2 52.2
73.2 52.1
73.1 52.1
73.1 52.0
73.0 52.0
73.0 51.9
72.9 51.9
72.9 51.8
72.8 51.8
72.8 51.7
72.7 51.7
72.7 51.6
72.5 51.6
72.5 51.5
72.4 51.5
72.4 51.4
72.3 51.4
72.3 51.3
72.2 51.3
72.2 51.2
72.1 51.2
72.1 51.1
71.9 51.1
71.9 51.0
71.8 51.0
71.8 50.9
71.7 50.9
71.7 50.8
71.6 50.8
71.6 50.7
71.5 50.7
71.5 50.6
71.3 50.6
71.3 50.5
71.2 50.5
71.2 50.4
71.1 50.4
71.1 50.3
71.0 50.3
71.0 50.2
70.9 50.2
70.9 50.1
70.7 50.1
70.7 50.0
70.6 50.0
70.6 49.9
70.5 49.9
70.5 49.8
70.4 49.8
70.4 49.7
70.3 49.7
70.3 49.6
70.2 49.6
70.2 49.5
70.0 49.5
70.0 49.4
69.9 49.4
69.9 49.3
69.8 49.3
69.8 49.2
69.7 49.2
69.7 49.1
69.6 49.1
69.6 49.0
69.4 49.0
69.4 48.9
69.3 48.9
69.3 48.8
69.2 48.8
69.2 48.7
69.1 48.7
69.1 48.6
69.0 48.6
69.0 48.5
68.8 48.5
68.8 48.4
68.7 48.4
68.7 48.3
68.6 48.3
68.6 48.2
68.5 48.2
68.5 48.1
68.4 48.1
68.4 48.0
68.3 48.0
68.3 47.9
68.1 47.9
68.1 47.8
68.0 47.8
68.0 47.7
67.9 47.7
67.9 47.6
67.8 47.6
67.8 47.5
67.7 47.5
67.7 47.4
67.5 47.4
67.5 47.3
67.4 47.3
67.4 47.2
67.3 47.2
67.3 47.1
67.2 47.1
67.2 47.0
67.1 47.0
67.1 46.9
66.9 46.9
66.9 46.8
66.8 46.8
66.8 46.7
66.7 46.7
66.7 46.6
66.6 46.6
66.6 46.5
66.5 46.5
66.5 46.4
66.3 46.4
66.3 46.3
66.2 46.3
66.2 46.2
66.1 46.2
66.1 46.1
66.0 46.1
66.0 46.0
65.9 46.0
65.9 45.9
65.8 45.9
65.8 45.8
65.6 45.8
65.6 45.7
65.5 45.7
65.5 45.6
65.4 45.6
65.4 45.5
65.3 45.5
65.3 45.4
65.2 45.4
65.2 45.3
65.0 45.3
65.0 45.2
64.9 45.2
64.9 45.1
64.8 45.1
64.8 45.0
64.7 45.0
64.7 44.9
64.6 44.9
64.6 44.8
64.5 44.8
64.5 44.7
64.3 44.7
64.3 44.6
64.2 44.6
64.2 44.5
64.1 44.5
64.1 44.4
64.0 44.4
64.0 44.3
63.9 44.3
63.9 44.2
63.8 44.2
63.8 44.1
63.6 44.1
63.6 44.0
63.5 44.0
63.5 43.9
63.4 43.9
63.4 43.8
63.3 43.8
63.3 43.7
63.2 43.7
63.2 43.6
63.0 43.6
63.0 43.5
62.9 43.5
62.9 43.4
62.8 43.4
62.8 43.3
62.7 43.3
62.7 43.2
62.6 43.2
62.6 43.1
62.5 43.1
62.5 43.0
62.3 43.0
62.3 42.9
62.2 42.9
62.2 42.8
62.1 42.8
62.1 42.7
62.0 42.7
62.0 42.6
61.8 42.6
61.8 42.5
61.7 42.5
61.7 42.4
61.6 42.4
61.6 42.3
61.5 42.3
61.5 42.2
61.4 42.2
61.4 42.1
61.3 42.1
61.3 42.0
61.1 42.0
61.1 41.9
61.0 41.9
61.0 41.8
60.9 41.8
60.9 41.7
60.8 41.7
60.8 41.6
60.7 41.6
60.7 41.5
60.5 41.5
60.5 41.4
60.4 41.4
60.4 41.3
60.3 41.3
60.3 41.2
60.2 41.2
60.2 41.1
60.1 41.1
60.1 41.0
60.0 41.0
60.0 40.9
59.8 40.9
59.8 40.8
59.7 40.8
59.7 40.7
59.6 40.7
59.6 40.6
59.5 40.6
59.5 40.5
59.4 40.5
59.4 40.4
59.2 40.4
59.2 40.3
59.1 40.3
59.1 40.2
59.0 40.2
59.0 40.1
58.9 40.1
58.9 40.0
58.8 40.0
58.8 39.9
58.6 39.9
58.6 39.8
58.5 39.8
58.5 39.7
58.4 39.7
58.4 39.6
58.3 39.6
58.3 39.5
58.2 39.5
58.2 39.4
58.1 39.4
58.1 39.3
57.9 39.3
57.9 39.2
57.8 39.2
57.8 39.1
57.7 39.1
57.7 39.0
57.6 39.0
57.6 38.9
57.5 38.9
57.5 38.8
57.3 38.8
57.3 38.7
57.2 38.7
57.2 38.6
57.1 38.6
57.1 38.5
57.0 38.5
57.0 38.4
56.9 38.4
56.9 38.3
56.7 38.3
56.7 38.2
56.6 38.2
56.6 38.1
56.5 38.1
56.5 38.0
56.4 38.0
56.4 37.9
56.3 37.9
56.3 37.8
56.1 37.8
56.1 37.7
56.0 37.7
56.0 37.6
55.9 37.6
55.9 37.5
55.8 37.5
55.8 37.4
55.7 37.4
55.7 37.3
55.6 37.3
55.6 37.2
55.4 37.2
55.4 37.1
55.3 37.1
55.3 37.0
55.2 37.0
55.2 36.9
55.1 36.9
55.1 36.8
55.0 36.8
55.0 36.7
54.8 36.7
54.8 36.6
54.7 36.6
54.7 36.5
54.6 36.5
54.6 36.4
54.5 36.4
54.5 36.3
54.4 36.3
54.4 36.2
54.3 36.2
54.3 36.1
54.1 36.1
54.1 36.0
54.0 36.0
54.0 35.9
53.9 35.9
53.9 35.8
53.8 35.8
53.8 35.7
53.7 35.7
53.7 35.6
53.5 35.6
53.5 35.5
53.4 35.5
53.4 35.4
53.3 35.4
53.3 35.3
53.2 35.3
53.2 35.2
53.1 35.2
53.1 35.1
53.0 35.1
53.0 35.0
52.8 35.0
52.8 34.9
52.7 34.9
52.7 34.8
52.6 34.8
52.6 34.7
52.5 34.7
52.5 34.6
52.3 34.6
52.3 34.5
52.2 34.5
52.2 34.4
52.1 34.4
52.1 34.3
52.0 34.3
52.0 34.2
51.9 34.2
51.9 34.1
51.8 34.1
51.8 34.0
51.6 34.0
51.6 33.9
51.5 33.9
51.5 33.8
51.4 33.8
51.4 33.7
51.3 33.7
51.3 33.6
51.2 33.6
51.2 33.5
51.0 33.5
51.0 33.4
50.9 33.4
50.9 33.3
50.8 33.3
50.8 33.2
50.7 33.2
50.7 33.1
50.6 33.1
50.6 33.0
50.5 33.0
50.5 32.9
50.3 32.9
50.3 32.8
50.2 32.8
50.2 32.7
50.1 32.7
50.1 32.6
50.0 32.6
50.0 32.5
49.9 32.5
49.9 32.4
49.7 32.4
49.7 32.3
49.6 32.3
49.6 32.2
49.5 32.2
49.5 32.1
49.4 32.1
49.4 32.0
49.3 32.0
49.3 31.9
49.1 31.9
49.1 31.8
49.0 31.8
49.0 31.7
48.9 31.7
48.9 31.6
48.8 31.6
48.8 31.5
48.7 31.5
48.7 31.4
48.6 31.4
48.6 31.3
48.5 31.3
48.5 31.2
48.3 31.2
48.3 31.1
48.2 31.1
48.2 31.0
48.1 31.0
48.1 30.9
48.0 30.9
48.0 30.8
47.8 30.8
47.8 30.7
47.7 30.7
47.7 30.6
47.6 30.6
47.6 30.5
47.5 30.5
47.5 30.4
47.4 30.4
47.4 30.3
47.2 30.3
47.2 30.2
47.1 30.2
47.1 30.1
47.0 30.1
47.0 30.0
46.9 30.0
46.9 29.9
46.8 29.9
46.8 29.8
46.6 29.8
46.6 29.7
46.5 29.7
46.5 29.6
46.4 29.6
46.4 29.5
46.3 29.5
46.3 29.4
46.2 29.4
46.2 29.3
46.1 29.3
46.1 29.2
46.0 29.2
46.0 29.1
45.8 29.1
45.8 29.0
45.7 29.0
45.7 28.9
45.6 28.9
45.6 28.8
45.5 28.8
45.5 28.7
45.3 28.7
45.3 28.6
45.2 28.6
45.2 28.5
45.1 28.5
45.1 28.4
45.0 28.4
45.0 28.3
44.9 28.3
44.9 28.2
44.8 28.2
44.8 28.1
44.6 28.1
44.6 28.0
44.5 28.0
44.5 27.9
44.4 27.9
44.4 27.8
44.3 27.8
44.3 27.7
44.2 27.7
44.2 27.6
44.1 27.6
44.1 27.5
43.9 27.5
43.9 27.4
43.8 27.4
43.8 27.3
43.7 27.3
43.7 27.2
43.6 27.2
43.6 27.1
43.5 27.1
43.5 27.0
43.3 27.0
43.3 26.9
43.2 26.9
43.2 26.8
43.1 26.8
43.1 26.7
43.0 26.7
43.0 26.6
42.8 26.6
42.8 26.5
42.7 26.5
42.7 26.4
42.6 26.4
42.6 26.3
42.5 26.3
42.5 26.2
42.4 26.2
42.4 26.1
42.3 26.1
42.3 26.0
42.1 26.0
42.1 25.9
42.0 25.9
42.0 25.8
41.9 25.8
41.9 25.7
41.8 25.7
41.8 25.6
41.7 25.6
41.7 25.5
41.6 25.5
41.6 25.4
41.4 25.4
41.4 25.3
41.3 25.3
41.3 25.2
41.2 25.2
41.2 25.1
41.1 25.1
41.1 25.0
41.0 25.0
41.0 24.9
40.8 24.9
40.8 24.8
40.7 24.8
40.7 24.7
40.6 24.7
40.6 24.6
40.5 24.6
40.5 24.5
40.4 24.5
40.4 24.4
40.3 24.4
40.3 24.3
40.1 24.3
40.1 24.2
40.0 24.2
40.0 24.1
39.9 24.1
39.9 24.0
39.8 24.0
39.8 23.9
39.7 23.9
39.7 23.8
39.5 23.8
39.5 23.7
39.4 23.7
39.4 23.6
39.3 23.6
39.3 23.5
39.2 23.5
39.2 23.4
39.1 23.4
39.1 23.3
38.9 23.3
next
3
sep
26
14.4 1.2
14.0 1.2
14.0 1.1
13.3 1.1
13.3 1.0
12.5 1.0
12.5 0.9
11.8 0.9
11.8 0.8
11.1 0.8
11.1 0.7
10.2 0.7
10.2 0.6
9.5 0.6
9.5 0.5
8.9 0.5
8.9 0.4
8.2 0.4
8.2 0.3
7.3 0.3
7.3 0.2
7.1 0.2
7.1 0.0
100.0 0.0
100.0 12.0
14.4 12.0
next
4
sep
16
0.3 0.8
0.4 0.8
0.4 0.7
0.6 0.7
0.6 0.6
0.8 0.6
0.8 0.5
1.1 0.5
1.1 0.4
1.3 0.4
1.3 0.1
0.0 0.1
0.0 1.0
0.1 1.0
0.1 0.9
0.3 0.9
next
5
sep
8
1.8 0.3
1.4 0.3
1.4 0.4
1.3 0.4
1.3 0.1
2.3 0.1
2.3 0.2
1.8 0.2
next
5
sep
394
82.3 94.1
82.4 94.1
82.4 93.9
82.5 93.9
82.5 93.7
82.6 93.7
82.6 93.5
82.7 93.5
82.7 93.3
82.8 93.3
82.8 93.1
82.9 93.1
82.9 92.9
83.0 92.9
83.0 92.7
83.1 92.7
83.1 92.5
83.2 92.5
83.2 92.4
83.3 92.4
83.3 92.2
83.4 92.2
83.4 92.0
83.5 92.0
83.5 91.8
83.6 91.8
83.6 91.6
83.7 91.6
83.7 91.4
83.8 91.4
83.8 91.2
83.9 91.2
83.9 91.0
84.0 91.0
84.0 90.9
84.1 90.9
84.1 90.7
84.2 90.7
84.2 90.5
84.3 90.5
84.3 90.3
84.4 90.3
84.4 90.2
84.5 90.2
84.5 90.0
84.6 90.0
84.6 89.8
84.7 89.8
84.7 89.6
84.8 89.6
84.8 89.4
84.9 89.4
84.9 89.3
85.0 89.3
85.0 89.1
85.1 89.1
85.1 88.9
85.2 88.9
85.2 88.8
85.3 88.8
85.3 88.6
85.4 88.6
85.4 88.4
85.5 88.4
85.5 88.3
85.6 88.3
85.6 88.1
85.7 88.1
85.7 87.9
85.8 87.9
85.8 87.8
85.9 87.8
85.9 87.6
86.0 87.6
86.0 87.5
86.1 87.5
86.1 87.3
86.2 87.3
86.2 87.1
86.3 87.1
86.3 87.0
86.4 87.0
86.4 86.8
86.5 86.8
86.5 86.7
86.6 86.7
86.6 86.5
86.7 86.5
86.7 86.4
86.8 86.4
86.8 86.2
86.9 86.2
86.9 86.1
87.0 86.1
87.0 85.9
87.1 85.9
87.1 85.8
87.2 85.8
87.2 85.6
87.3 85.6
87.3 85.5
87.4 85.5
87.4 85.3
87.5 85.3
87.5 85.2
87.6 85.2
87.6 85.0
87.7 85.0
87.7 84.9
87.8 84.9
87.8 84.7
87.9 84.7
87.9 84.6
88.0 84.6
88.0 84.4
88.1 84.4
88.1 84.3
88.2 84.3
88.2 84.2
88.3 84.2
88.3 84.0
88.4 84.0
88.4 83.9
88.5 83.9
88.5 83.7
88.6 83.7
88.6 83.6
88.7 83.6
88.7 83.5
88.8 83.5
88.8 83.3
88.9 83.3
88.9 83.2
89.0 83.2
89.0 83.1
89.1 83.1
89.1 82.9
89.2 82.9
89.2 82.8
89.3 82.8
89.3 82.7
89.4 82.7
89.4 82.5
89.5 82.5
89.5 82.4
89.6 82.4
89.6 82.3
89.7 82.3
89.7 82.1
89.8 82.1
89.8 82.0
89.9 82.0
89.9 81.9
90.0 81.9
90.0 81.8
90.1 81.8
90.1 81.6
90.2 81.6
90.2 81.5
90.3 81.5
90.3 81.4
90.4 81.4
90.4 81.3
90.5 81.3
90.5 81.1
90.6 81.1
90.6 81.0
90.7 81.0
90.7 80.9
90.8 80.9
90.8 80.8
90.9 80.8
90.9 80.7
91.0 80.7
91.0 80.5
91.1 80.5
91.1 80.4
91.2 80.4
91.2 80.3
91.3 80.3
91.3 80.2
91.4 80.2
91.4 80.1
91.5 80.1
91.5 79.9
91.6 79.9
91.6 79.8
91.7 79.8
91.7 79.7
91.8 79.7
91.8 79.6
91.9 79.6
91.9 79.5
92.0 79.5
92.0 79.4
92.1 79.4
92.1 79.3
92.2 79.3
92.2 79.1
92.3 79.1
92.3 79.0
92.4 79.0
92.4 78.9
92.5 78.9
92.5 78.8
92.6 78.8
92.6 78.7
92.7 78.7
92.7 78.6
92.8 78.6
92.8 78.5
92.9 78.5
92.9 78.4
93.0 78.4
93.0 78.3
93.1 78.3
93.1 78.2
93.2 78.2
93.2 78.0
93.3 78.0
93.3 77.9
93.4 77.9
93.4 77.8
93.5 77.8
93.5 77.7
93.6 77.7
93.6 77.6
93.7 77.6
93.7 77.5
93.8 77.5
93.8 77.4
93.9 77.4
93.9 77.3
94.0 77.3
94.0 77.2
94.1 77.2
94.1 77.1
94.2 77.1
94.2 77.0
94.3 77.0
94.3 76.9
94.4 76.9
94.4 76.8
94.5 76.8
94.5 76.7
94.6 76.7
94.6 76.6
94.7 76.6
94.7 76.5
94.8 76.5
94.8 76.4
94.9 76.4
94.9 76.3
95.0 76.3
95.0 76.2
95.1 76.2
95.1 76.1
95.2 76.1
95.2 76.0
95.3 76.0
95.3 75.9
95.4 75.9
95.4 75.8
95.5 75.8
95.5 75.7
95.6 75.7
95.6 75.6
95.7 75.6
95.7 75.5
95.8 75.5
95.8 75.4
95.9 75.4
95.9 75.3
96.0 75.3
96.0 75.2
96.2 75.2
96.2 75.1
96.3 75.1
96.3 75.0
96.4 75.0
96.4 74.9
96.5 74.9
96.5 74.8
96.6 74.8
96.6 74.7
96.7 74.7
96.7 74.6
96.8 74.6
96.8 74.5
96.9 74.5
96.9 74.4
97.0 74.4
97.0 74.3
97.1 74.3
97.1 74.2
97.3 74.2
97.3 74.1
97.4 74.1
97.4 74.0
97.5 74.0
97.5 73.9
97.6 73.9
97.6 73.8
97.7 73.8
97.7 73.7
97.8 73.7
97.8 73.6
97.9 73.6
97.9 73.5
98.1 73.5
98.1 73.4
98.2 73.4
98.2 73.3
98.3 73.3
98.3 73.2
98.4 73.2
98.4 73.1
98.5 73.1
98.5 73.0
98.7 73.0
98.7 72.9
98.8 72.9
98.8 72.8
98.9 72.8
98.9 72.7
99.0 72.7
99.0 72.6
99.2 72.6
99.2 72.5
99.3 72.5
99.3 72.4
99.4 72.4
99.4 72.3
99.5 72.3
99.5 72.2
99.7 72.2
99.7 72.1
99.8 72.1
99.8 72.0
99.9 72.0
99.9 71.9
100.0 71.9
100.0 100.0
79.8 100.0
79.8 99.7
79.9 99.7
79.9 99.5
80.0 99.5
80.0 99.2
80.1 99.2
80.1 99.0
80.2 99.0
80.2 98.8
80.3 98.8
80.3 98.5
80.4 98.5
80.4 98.3
80.5 98.3
80.5 98.1
80.6 98.1
80.6 97.8
80.7 97.8
80.7 97.6
80.8 97.6
80.8 97.4
80.9 97.4
80.9 97.1
81.0 97.1
81.0 96.9
81.1 96.9
81.1 96.7
81.2 96.7
81.2 96.5
81.3 96.5
81.3 96.2
81.4 96.2
81.4 96.0
81.5 96.0
81.5 95.8
81.6 95.8
81.6 95.6
81.7 95.6
81.7 95.4
81.8 95.4
81.8 95.2
81.9 95.2
81.9 95.0
82.0 95.0
82.0 94.8
82.1 94.8
82.1 94.5
82.2 94.5
82.2 94.3
82.3 94.3
next
6
sep
34
2.6 0.3
2.3 0.3
2.3 0.4
2.0 0.4
2.0 0.5
1.7 0.5
1.7 0.6
1.4 0.6
1.4 0.7
1.1 0.7
1.1 0.8
0.7 0.8
0.7 0.9
0.4 0.9
0.4 1.0
0.1 1.0
0.1 0.9
0.3 0.9
0.3 0.8
0.4 0.8
0.4 0.7
0.6 0.7
0.6 0.6
0.8 0.6
0.8 0.5
1.1 0.5
1.1 0.4
1.4 0.4
1.4 0.3
1.8 0.3
1.8 0.2
2.3 0.2
2.3 0.1
2.6 0.1
next
6
sep
6
9.2 100.0
0.0 100.0
0.0 19.5
0.1 19.5
0.1 19.3
9.2 19.3
next
6
sep
778
82.3 94.1
82.4 94.1
82.4 93.9
82.5 93.9
82.5 93.7
82.6 93.7
82.6 93.5
82.7 93.5
82.7 93.3
82.8 93.3
82.8 93.1
82.9 93.1
82.9 92.9
83.0 92.9
83.0 92.7
83.1 92.7
83.1 92.5
83.2 92.5
83.2 92.4
83.3 92.4
83.3 92.2
83.4 92.2
83.4 92.0
83.5 92.0
83.5 91.8
83.6 91.8
83.6 91.6
83.7 91.6
83.7 91.4
83.8 91.4
83.8 91.2
83.9 91.2
83.9 91.0
84.0 91.0
84.0 90.9
84.1 90.9
84.1 90.7
84.2 90.7
84.2 90.5
84.3 90.5
84.3 90.3
84.4 90.3
84.4 90.2
84.5 90.2
84.5 90.0
84.6 90.0
84.6 89.8
84.7 89.8
84.7 89.6
84.8 89.6
84.8 89.4
84.9 89.4
84.9 89.3
85.0 89.3
85.0 89.1
85.1 89.1
85.1 88.9
85.2 88.9
85.2 88.8
85.3 88.8
85.3 88.6
85.4 88.6
85.4 88.4
85.5 88.4
85.5 88.3
85.6 88.3
85.6 88.1
85.7 88.1
85.7 87.9
85.8 87.9
85.8 87.8
85.9 87.8
85.9 87.6
86.0 87.6
86.0 87.5
86.1 87.5
86.1 87.3
86.2 87.3
86.2 87.1
86.3 87.1
86.3 87.0
86.4 87.0
86.4 86.8
86.5 86.8
86.5 86.7
86.6 86.7
86.6 86.5
86.7 86.5
86.7 86.4
86.8 86.4
86.8 86.2
86.9 86.2
86.9 86.1
87.0 86.1
87.0 85.9
87.1 85.9
87.1 85.8
87.2 85.8
87.2 85.6
87.3 85.6
87.3 85.5
87.4 85.5
87.4 85.3
87.5 85.3
87.5 85.2
87.6 85.2
87.6 85.0
87.7 85.0
87.7 84.9
87.8 84.9
87.8 84.7
87.9 84.7
87.9 84.6
88.0 84.6
88.0 84.4
88.1 84.4
88.1 84.3
88.2 84.3
88.2 84.2
88.3 84.2
88.3 84.0
88.4 84.0
88.4 83.9
88.5 83.9
88.5 83.7
88.6 83.7
88.6 83.6
88.7 83.6
88.7 83.5
88.8 83.5
88.8 83.3
88.9 83.3
88.9 83.2
89.0 83.2
89.0 83.1
89.1 83.1
89.1 82.9
89.2 82.9
89.2 82.8
89.3 82.8
89.3 82.7
89.4 82.7
89.4 82.5
89.5 82.5
89.5 82.4
89.6 82.4
89.6 82.3
89.7 82.3
89.7 82.1
89.8 82.1
89.8 82.0
89.9 82.0
89.9 81.9
90.0 81.9
90.0 81.8
90.1 81.8
90.1 81.6
90.2 81.6
90.2 81.5
90.3 81.5
90.3 81.4
90.4 81.4
90.4 81.3
90.5 81.3
90.5 81.1
90.6 81.1
90.6 81.0
90.7 81.0
90.7 80.9
90.8 80.9
90.8 80.8
90.9 80.8
90.9 80.7
91.0 80.7
91.0 80.5
91.1 80.5
91.1 80.4
91.2 80.4
91.2 80.3
91.3 80.3
91.3 80.2
91.4 80.2
91.4 80.1
91.5 80.1
91.5 79.9
91.6 79.9
91.6 79.8
91.7 79.8
91.7 79.7
91.8 79.7
91.8 79.6
91.9 79.6
91.9 79.5
92.0 79.5
92.0 79.4
92.1 79.4
92.1 79.3
92.2 79.3
92.2 79.1
92.3 79.1
92.3 79.0
92.4 79.0
92.4 78.9
92.5 78.9
92.5 78.8
92.6 78.8
92.6 78.7
92.7 78.7
92.7 78.6
92.8 78.6
92.8 78.5
92.9 78.5
92.9 78.4
93.0 78.4
93.0 78.3
93.1 78.3
93.1 78.2
93.2 78.2
93.2 78.0
93.3 78.0
93.3 77.9
93.4 77.9
93.4 77.8
93.5 77.8
93.5 77.7
93.6 77.7
93.6 77.6
93.7 77.6
93.7 77.5
93.8 77.5
93.8 77.4
93.9 77.4
93.9 77.3
94.0 77.3
94.0 77.2
94.1 77.2
94.1 77.1
94.2 77.1
94.2 77.0
94.3 77.0
94.3 76.9
94.4 76.9
94.4 76.8
94.5 76.8
94.5 76.7
94.6 76.7
94.6 76.6
94.7 76.6
94.7 76.5
94.8 76.5
94.8 76.4
94.9 76.4
94.9 76.3
95.0 76.3
95.0 76.2
95.1 76.2
95.1 76.1
95.2 76.1
95.2 76.0
95.3 76.0
95.3 75.9
95.4 75.9
95.4 75.8
95.5 75.8
95.5 75.7
95.6 75.7
95.6 75.6
95.7 75.6
95.7 75.5
95.8 75.5
95.8 75.4
95.9 75.4
95.9 75.3
96.0 75.3
96.0 75.2
96.2 75.2
96.2 75.1
96.3 75.1
96.3 75.0
96.4 75.0
96.4 74.9
96.5 74.9
96.5 74.8
96.6 74.8
96.6 74.7
96.7 74.7
96.7 74.6
96.8 74.6
96.8 74.5
96.9 74.5
96.9 74.4
97.0 74.4
97.0 74.3
97.1 74.3
97.1 74.2
97.3 74.2
97.3 74.1
97.4 74.1
97.4 74.0
97.5 74.0
97.5 73.9
97.6 73.9
97.6 73.8
97.7 73.8
97.7 73.7
97.8 73.7
97.8 73.6
97.9 73.6
97.9 73.5
98.1 73.5
98.1 73.4
98.2 73.4
98.2 73.3
98.3 73.3
98.3 73.2
98.4 73.2
98.4 73.1
98.5 73.1
98.5 73.0
98.7 73.0
98.7 72.9
98.8 72.9
98.8 72.8
98.9 72.8
98.9 72.7
99.0 72.7
99.0 72.6
99.2 72.6
99.2 72.5
99.3 72.5
99.3 72.4
99.4 72.4
99.4 72.3
99.5 72.3
99.5 72.2
99.7 72.2
99.7 72.1
99.8 72.1
99.8 72.0
99.9 72.0
99.9 71.9
100.0 71.9
100.0 64.8
99.8 64.8
99.8 64.7
99.5 64.7
99.5 64.6
99.2 64.6
99.2 64.5
98.9 64.5
98.9 64.4
98.7 64.4
98.7 64.3
98.4 64.3
98.4 64.2
98.1 64.2
98.1 64.1
97.9 64.1
97.9 64.0
97.6 64.0
97.6 63.9
97.4 63.9
97.4 63.8
97.1 63.8
97.1 63.7
96.8 63.7
96.8 63.6
96.6 63.6
96.6 63.5
96.3 63.5
96.3 63.4
96.1 63.4
96.1 63.3
95.8 63.3
95.8 63.2
95.6 63.2
95.6 63.1
95.3 63.1
95.3 63.0
95.0 63.0
95.0 62.9
94.8 62.9
94.8 62.8
94.5 62.8
94.5 62.7
94.3 62.7
94.3 62.6
94.0 62.6
94.0 62.5
93.8 62.5
93.8 62.4
93.5 62.4
93.5 62.3
93.3 62.3
93.3 62.2
93.0 62.2
93.0 62.1
92.7 62.1
92.7 62.0
92.5 62.0
92.5 61.9
92.3 61.9
92.3 61.8
92.0 61.8
92.0 61.7
91.8 61.7
91.8 61.6
91.5 61.6
91.5 61.5
91.3 61.5
91.3 61.4
91.0 61.4
91.0 61.3
90.8 61.3
90.8 61.2
90.5 61.2
90.5 61.1
90.3 61.1
90.3 61.0
90.1 61.0
90.1 60.9
89.8 60.9
89.8 60.8
89.6 60.8
89.6 60.7
89.3 60.7
89.3 60.6
89.1 60.6
89.1 60.5
88.8 60.5
88.8 60.4
88.6 60.4
88.6 60.3
88.4 60.3
88.4 60.2
88.1 60.2
88.1 60.1
87.9 60.1
87.9 60.0
87.6 60.0
87.6 59.9
87.4 59.9
87.4 59.8
87.2 59.8
87.2 59.7
86.9 59.7
86.9 59.6
86.7 59.6
86.7 59.5
86.5 59.5
86.5 59.4
86.2 59.4
86.2 59.3
86.0 59.3
86.0 59.2
85.8 59.2
85.8 59.1
85.5 59.1
85.5 59.0
85.3 59.0
85.3 58.9
85.1 58.9
85.1 58.8
84.8 58.8
84.8 58.7
84.6 58.7
84.6 58.6
84.4 58.6
84.4 58.5
84.1 58.5
84.1 58.4
83.9 58.4
83.9 58.3
83.7 58.3
83.7 58.2
83.5 58.2
83.5 58.1
83.2 58.1
83.2 58.0
83.0 58.0
83.0 57.9
82.8 57.9
82.8 57.8
82.6 57.8
82.6 57.7
82.3 57.7
82.3 57.6
82.1 57.6
82.1 57.5
81.9 57.5
81.9 57.4
81.7 57.4
81.7 57.3
81.5 57.3
81.5 57.2
81.2 57.2
81.2 57.1
81.0 57.1
81.0 57.0
80.8 57.0
80.8 56.9
80.6 56.9
80.6 56.8
80.4 56.8
80.4 56.7
80.1 56.7
80.1 56.6
79.9 56.6
79.9 56.5
79.7 56.5
79.7 56.4
79.5 56.4
79.5 56.3
79.3 56.3
79.3 56.2
79.0 56.2
79.0 56.1
78.8 56.1
78.8 56.0
78.6 56.0
78.6 55.9
78.4 55.9
78.4 55.8
78.2 55.8
78.2 55.7
78.0 55.7
78.0 55.6
77.8 55.6
77.8 55.5
77.6 55.5
77.6 55.4
77.3 55.4
77.3 55.3
77.1 55.3
77.1 55.2
76.9 55.2
76.9 55.1
76.7 55.1
76.7 55.0
62.4 55.0
62.4 55.1
62.3 55.1
62.3 55.0
48.5 55.0
48.5 55.1
48.4 55.1
48.4 55.0
48.2 55.0
48.2 55.1
48.1 55.1
48.1 55.0
43.4 55.0
43.4 55.1
43.3 55.1
43.3 55.0
40.0 55.0
40.0 55.1
39.9 55.1
39.9 55.0
39.7 55.0
39.7 55.1
39.6 55.1
39.6 55.0
39.4 55.0
39.4 55.1
39.3 55.1
39.3 55.0
39.1 55.0
39.1 55.1
39.0 55.1
39.0 55.0
38.8 55.0
38.8 55.1
38.7 55.1
38.7 55.0
38.5 55.0
38.5 55.1
38.4 55.1
38.4 55.0
34.9 55.0
34.9 55.1
34.8 55.1
34.8 55.0
34.6 55.0
34.6 55.1
34.5 55.1
34.5 55.0
34.3 55.0
34.3 55.1
34.2 55.1
34.2 55.0
34.0 55.0
34.0 55.1
33.9 55.1
33.9 55.0
33.7 55.0
33.7 55.1
33.6 55.1
33.6 55.0
29.8 55.0
29.8 55.1
29.7 55.1
29.7 55.0
29.5 55.0
29.5 55.1
29.3 55.1
29.3 55.0
29.2 55.0
29.2 55.1
29.0 55.1
29.0 55.0
28.9 55.0
28.9 55.1
28.8 55.1
28.8 55.0
26.4 55.0
26.4 55.1
26.3 55.1
26.3 55.0
26.1 55.0
26.1 55.1
26.0 55.1
26.0 55.0
25.8 55.0
25.8 55.1
25.7 55.1
25.7 55.0
25.5 55.0
25.5 55.1
25.4 55.1
25.4 55.0
25.2 55.0
25.2 55.1
25.1 55.1
25.1 55.0
24.9 55.0
24.9 55.1
24.8 55.1
24.8 55.0
24.7 55.0
24.7 55.1
24.5 55.1
24.5 55.0
24.4 55.0
24.4 55.1
24.2 55.1
24.2 55.0
24.1 55.0
24.1 55.1
24.0 55.1
24.0 55.0
21.3 55.0
21.3 55.1
21.2 55.1
21.2 55.0
21.0 55.0
21.0 55.1
20.9 55.1
20.9 55.0
20.7 55.0
20.7 55.1
20.6 55.1
20.6 55.0
20.4 55.0
20.4 55.1
20.3 55.1
20.3 55.0
20.1 55.0
20.1 55.1
20.0 55.1
20.0 55.0
19.8 55.0
19.8 55.1
19.7 55.1
19.7 55.0
19.6 55.0
19.6 55.1
19.4 55.1
19.4 55.0
19.3 55.0
19.3 55.1
19.2 55.1
19.2 55.0
17.6 55.0
17.6 55.1
17.5 55.1
17.5 55.0
17.3 55.0
17.3 55.1
17.2 55.1
17.2 55.0
17.0 55.0
17.0 55.1
16.9 55.1
16.9 55.0
16.7 55.0
16.7 55.1
16.6 55.1
16.6 55.0
16.4 55.0
16.4 55.1
16.3 55.1
16.3 55.0
16.2 55.0
16.2 55.1
16.0 55.1
16.0 55.0
15.9 55.0
15.9 55.1
15.7 55.1
15.7 55.0
15.6 55.0
15.6 55.1
15.4 55.1
15.4 55.0
15.3 55.0
15.3 55.1
15.1 55.1
15.1 55.0
15.0 55.0
15.0 55.1
14.8 55.1
14.8 55.0
14.7 55.0
14.7 55.1
14.4 55.1
14.4 100.0
79.8 100.0
79.8 99.7
79.9 99.7
79.9 99.5
80.0 99.5
80.0 99.2
80.1 99.2
80.1 99.0
80.2 99.0
80.2 98.8
80.3 98.8
80.3 98.5
80.4 98.5
80.4 98.3
80.5 98.3
80.5 98.1
80.6 98.1
80.6 97.8
80.7 97.8
80.7 97.6
80.8 97.6
80.8 97.4
80.9 97.4
80.9 97.1
81.0 97.1
81.0 96.9
81.1 96.9
81.1 96.7
81.2 96.7
81.2 96.5
81.3 96.5
81.3 96.2
81.4 96.2
81.4 96.0
81.5 96.0
81.5 95.8
81.6 95.8
81.6 95.6
81.7 95.6
81.7 95.4
81.8 95.4
81.8 95.2
81.9 95.2
81.9 95.0
82.0 95.0
82.0 94.8
82.1 94.8
82.1 94.5
82.2 94.5
82.2 94.3
82.3 94.3
next
7
sep
4
0.0 1.5
0.1 1.5
0.1 1.6
0.0 1.6
next
8
sep
1058
38.9 23.2
38.8 23.2
38.8 23.1
38.7 23.1
38.7 23.0
38.6 23.0
38.6 22.9
38.5 22.9
38.5 22.8
38.4 22.8
38.4 22.7
38.2 22.7
38.2 22.6
38.1 22.6
38.1 22.5
38.0 22.5
38.0 22.4
37.9 22.4
37.9 22.3
37.8 22.3
37.8 22.2
37.6 22.2
37.6 22.1
37.5 22.1
37.5 22.0
37.4 22.0
37.4 21.9
37.3 21.9
37.3 21.8
37.2 21.8
37.2 21.7
37.0 21.7
37.0 21.6
36.9 21.6
36.9 21.5
36.8 21.5
36.8 21.4
36.7 21.4
36.7 21.3
36.6 21.3
36.6 21.2
36.4 21.2
36.4 21.1
36.3 21.1
36.3 21.0
36.2 21.0
36.2 20.9
36.1 20.9
36.1 20.8
36.0 20.8
36.0 20.7
35.9 20.7
35.9 20.6
35.7 20.6
35.7 20.5
35.6 20.5
35.6 20.4
35.5 20.4
35.5 20.3
35.4 20.3
35.4 20.2
35.3 20.2
35.3 20.1
35.1 20.1
35.1 20.0
35.0 20.0
35.0 19.9
34.9 19.9
34.9 19.8
34.8 19.8
34.8 19.7
34.7 19.7
34.7 19.6
34.6 19.6
34.6 19.5
34.4 19.5
34.4 19.4
34.3 19.4
34.3 19.3
34.2 19.3
34.2 19.2
34.1 19.2
34.1 19.1
34.0 19.1
34.0 19.0
33.8 19.0
33.8 18.9
33.7 18.9
33.7 18.8
33.6 18.8
33.6 18.7
33.5 18.7
33.5 18.6
33.4 18.6
33.4 18.5
33.2 18.5
33.2 18.4
33.1 18.4
33.1 18.3
33.0 18.3
33.0 18.2
32.9 18.2
32.9 18.1
32.8 18.1
32.8 18.0
32.6 18.0
32.6 17.9
32.5 17.9
32.5 17.8
32.4 17.8
32.4 17.7
32.3 17.7
32.3 17.6
32.2 17.6
32.2 17.5
32.1 17.5
32.1 17.4
31.9 17.4
31.9 17.3
31.8 17.3
31.8 17.2
31.7 17.2
31.7 17.1
31.6 17.1
31.6 17.0
31.5 17.0
31.5 16.9
31.3 16.9
31.3 16.8
31.2 16.8
31.2 16.7
31.1 16.7
31.1 16.6
31.0 16.6
31.0 16.5
30.9 16.5
30.9 16.4
30.8 16.4
30.8 16.3
30.6 16.3
30.6 16.2
30.5 16.2
30.5 16.1
30.4 16.1
30.4 16.0
30.3 16.0
30.3 15.9
30.2 15.9
30.2 15.8
30.1 15.8
30.1 15.7
29.9 15.7
29.9 15.6
29.8 15.6
29.8 15.5
29.7 15.5
29.7 15.4
29.6 15.4
29.6 15.3
29.4 15.3
29.4 15.2
29.3 15.2
29.3 15.1
29.2 15.1
29.2 15.0
29.1 15.0
29.1 14.9
29.0 14.9
29.0 14.8
28.9 14.8
28.9 14.7
28.8 14.7
28.8 14.6
28.6 14.6
28.6 14.5
28.5 14.5
28.5 14.4
28.4 14.4
28.4 14.3
28.3 14.3
28.3 14.2
28.1 14.2
28.1 14.1
28.0 14.1
28.0 14.0
27.9 14.0
27.9 13.9
27.8 13.9
27.8 13.8
27.7 13.8
27.7 13.7
27.6 13.7
27.6 13.6
27.4 13.6
27.4 13.5
27.3 13.5
27.3 13.4
27.2 13.4
27.2 13.3
27.1 13.3
27.1 13.2
26.9 13.2
26.9 13.1
26.8 13.1
26.8 13.0
26.7 13.0
26.7 12.9
26.6 12.9
26.6 12.8
26.5 12.8
26.5 12.7
26.4 12.7
26.4 12.6
26.3 12.6
26.3 12.5
26.1 12.5
26.1 12.4
26.0 12.4
26.0 12.3
25.9 12.3
25.9 12.2
25.8 12.2
25.8 12.1
25.7 12.1
25.7 12.0
100.0 12.0
100.0 64.8
99.8 64.8
99.8 64.7
99.5 64.7
99.5 64.6
99.2 64.6
99.2 64.5
98.9 64.5
98.9 64.4
98.7 64.4
98.7 64.3
98.4 64.3
98.4 64.2
98.1 64.2
98.1 64.1
97.9 64.1
97.9 64.0
97.6 64.0
97.6 63.9
97.4 63.9
97.4 63.8
97.1 63.8
97.1 63.7
96.8 63.7
96.8 63.6
96.6 63.6
96.6 63.5
96.3 63.5
96.3 63.4
96.1 63.4
96.1 63.3
95.8 63.3
95.8 63.2
95.6 63.2
95.6 63.1
95.3 63.1
95.3 63.0
95.0 63.0
95.0 62.9
94.8 62.9
94.8 62.8
94.5 62.8
94.5 62.7
94.3 62.7
94.3 62.6
94.0 62.6
94.0 62.5
93.8 62.5
93.8 62.4
93.5 62.4
93.5 62.3
93.3 62.3
93.3 62.2
93.0 62.2
93.0 62.1
92.7 62.1
92.7 62.0
92.5 62.0
92.5 61.9
92.3 61.9
92.3 61.8
92.0 61.8
92.0 61.7
91.8 61.7
91.8 61.6
91.5 61.6
91.5 61.5
91.3 61.5
91.3 61.4
91.0 61.4
91.0 61.3
90.8 61.3
90.8 61.2
90.5 61.2
90.5 61.1
90.3 61.1
90.3 61.0
90.1 61.0
90.1 60.9
89.8 60.9
89.8 60.8
89.6 60.8
89.6 60.7
89.3 60.7
89.3 60.6
89.1 60.6
89.1 60.5
88.8 60.5
88.8 60.4
88.6 60.4
88.6 60.3
88.4 60.3
88.4 60.2
88.1 60.2
88.1 60.1
87.9 60.1
87.9 60.0
87.6 60.0
87.6 59.9
87.4 59.9
87.4 59.8
87.2 59.8
87.2 59.7
86.9 59.7
86.9 59.6
86.7 59.6
86.7 59.5
86.5 59.5
86.5 59.4
86.2 59.4
86.2 59.3
86.0 59.3
86.0 59.2
85.8 59.2
85.8 59.1
85.5 59.1
85.5 59.0
85.3 59.0
85.3 58.9
85.1 58.9
85.1 58.8
84.8 58.8
84.8 58.7
84.6 58.7
84.6 58.6
84.4 58.6
84.4 58.5
84.1 58.5
84.1 58.4
83.9 58.4
83.9 58.3
83.7 58.3
83.7 58.2
83.5 58.2
83.5 58.1
83.2 58.1
83.2 58.0
83.0 58.0
83.0 57.9
82.8 57.9
82.8 57.8
82.6 57.8
82.6 57.7
82.3 57.7
82.3 57.6
82.1 57.6
82.1 57.5
81.9 57.5
81.9 57.4
81.7 57.4
81.7 57.3
81.5 57.3
81.5 57.2
81.2 57.2
81.2 57.1
81.0 57.1
81.0 57.0
80.8 57.0
80.8 56.9
80.6 56.9
80.6 56.8
80.4 56.8
80.4 56.7
80.1 56.7
80.1 56.6
79.9 56.6
79.9 56.5
79.7 56.5
79.7 56.4
79.5 56.4
79.5 56.3
79.3 56.3
79.3 56.2
79.0 56.2
79.0 56.1
78.8 56.1
78.8 56.0
78.6 56.0
78.6 55.9
78.4 55.9
78.4 55.8
78.2 55.8
78.2 55.7
78.0 55.7
78.0 55.6
77.8 55.6
77.8 55.5
77.6 55.5
77.6 55.4
77.3 55.4
77.3 55.3
77.1 55.3
77.1 55.2
76.9 55.2
76.9 55.1
76.7 55.1
76.7 55.0
76.5 55.0
76.5 54.9
76.4 54.9
76.4 54.8
76.3 54.8
76.3 54.7
76.2 54.7
76.2 54.6
76.1 54.6
76.1 54.5
76.0 54.5
76.0 54.4
75.8 54.4
75.8 54.3
75.7 54.3
75.7 54.2
75.6 54.2
75.6 54.1
75.5 54.1
75.5 54.0
75.4 54.0
75.4 53.9
75.3 53.9
75.3 53.8
75.1 53.8
75.1 53.7
75.0 53.7
75.0 53.6
74.9 53.6
74.9 53.5
74.8 53.5
74.8 53.4
74.7 53.4
74.7 53.3
74.5 53.3
74.5 53.2
74.4 53.2
74.4 53.1
74.3 53.1
74.3 53.0
74.2 53.0
74.2 52.9
74.1 52.9
74.1 52.8
74.0 52.8
74.0 52.7
73.8 52.7
73.8 52.6
73.7 52.6
73.7 52.5
73.6 52.5
73.6 52.4
73.5 52.4
73.5 52.3
73.4 52.3
73.4 52.2
73.2 52.2
73.2 52.1
73.1 52.1
73.1 52.0
73.0 52.0
73.0 51.9
72.9 51.9
72.9 51.8
72.8 51.8
72.8 51.7
72.7 51.7
72.7 51.6
72.5 51.6
72.5 51.5
72.4 51.5
72.4 51.4
72.3 51.4
72.3 51.3
72.2 51.3
72.2 51.2
72.1 51.2
72.1 51.1
71.9 51.1
71.9 51.0
71.8 51.0
71.8 50.9
71.7 50.9
71.7 50.8
71.6 50.8
71.6 50.7
71.5 50.7
71.5 50.6
71.3 50.6
71.3 50.5
71.2 50.5
71.2 50.4
71.1 50.4
71.1 50.3
71.0 50.3
71.0 50.2
70.9 50.2
70.9 50.1
70.7 50.1
70.7 50.0
70.6 50.0
70.6 49.9
70.5 49.9
70.5 49.8
70.4 49.8
70.4 49.7
70.3 49.7
70.3 49.6
70.2 49.6
70.2 49.5
70.0 49.5
70.0 49.4
69.9 49.4
69.9 49.3
69.8 49.3
69.8 49.2
69.7 49.2
69.7 49.1
69.6 49.1
69.6 49.0
69.4 49.0
69.4 48.9
69.3 48.9
69.3 48.8
69.2 48.8
69.2 48.7
69.1 48.7
69.1 48.6
69.0 48.6
69.0 48.5
68.8 48.5
68.8 48.4
68.7 48.4
68.7 48.3
68.6 48.3
68.6 48.2
68.5 48.2
68.5 48.1
68.4 48.1
68.4 48.0
68.3 48.0
68.3 47.9
68.1 47.9
68.1 47.8
68.0 47.8
68.0 47.7
67.9 47.7
67.9 47.6
67.8 47.6
67.8 47.5
67.7 47.5
67.7 47.4
67.5 47.4
67.5 47.3
67.4 47.3
67.4 47.2
67.3 47.2
67.3 47.1
67.2 47.1
67.2 47.0
67.1 47.0
67.1 46.9
66.9 46.9
66.9 46.8
66.8 46.8
66.8 46.7
66.7 46.7
66.7 46.6
66.6 46.6
66.6 46.5
66.5 46.5
66.5 46.4
66.3 46.4
66.3 46.3
66.2 46.3
66.2 46.2
66.1 46.2
66.1 46.1
66.0 46.1
66.0 46.0
65.9 46.0
65.9 45.9
65.8 45.9
65.8 45.8
65.6 45.8
65.6 45.7
65.5 45.7
65.5 45.6
65.4 45.6
65.4 45.5
65.3 45.5
65.3 45.4
65.2 45.4
65.2 45.3
65.0 45.3
65.0 45.2
64.9 45.2
64.9 45.1
64.8 45.1
64.8 45.0
64.7 45.0
64.7 44.9
64.6 44.9
64.6 44.8
64.5 44.8
64.5 44.7
64.3 44.7
64.3 44.6
64.2 44.6
64.2 44.5
64.1 44.5
64.1 44.4
64.0 44.4
64.0 44.3
63.9 44.3
63.9 44.2
63.8 44.2
63.8 44.1
63.6 44.1
63.6 44.0
63.5 44.0
63.5 43.9
63.4 43.9
63.4 43.8
63.3 43.8
63.3 43.7
63.2 43.7
63.2 43.6
63.0 43.6
63.0 43.5
62.9 43.5
62.9 43.4
62.8 43.4
62.8 43.3
62.7 43.3
62.7 43.2
62.6 43.2
62.6 43.1
62.5 43.1
62.5 43.0
62.3 43.0
62.3 42.9
62.2 42.9
62.2 42.8
62.1 42.8
62.1 42.7
62.0 42.7
62.0 42.6
61.8 42.6
61.8 42.5
61.7 42.5
61.7 42.4
61.6 42.4
61.6 42.3
61.5 42.3
61.5 42.2
61.4 42.2
61.4 42.1
61.3 42.1
61.3 42.0
61.1 42.0
61.1 41.9
61.0 41.9
61.0 41.8
60.9 41.8
60.9 41.7
60.8 41.7
60.8 41.6
60.7 41.6
60.7 41.5
60.5 41.5
60.5 41.4
60.4 41.4
60.4 41.3
60.3 41.3
60.3 41.2
60.2 41.2
60.2 41.1
60.1 41.1
60.1 41.0
60.0 41.0
60.0 40.9
59.8 40.9
59.8 40.8
59.7 40.8
59.7 40.7
59.6 40.7
59.6 40.6
59.5 40.6
59.5 40.5
59.4 40.5
59.4 40.4
59.2 40.4
59.2 40.3
59.1 40.3
59.1 40.2
59.0 40.2
59.0 40.1
58.9 40.1
58.9 40.0
58.8 40.0
58.8 39.9
58.6 39.9
58.6 39.8
58.5 39.8
58.5 39.7
58.4 39.7
58.4 39.6
58.3 39.6
58.3 39.5
58.2 39.5
58.2 39.4
58.1 39.4
58.1 39.3
57.9 39.3
57.9 39.2
57.8 39.2
57.8 39.1
57.7 39.1
57.7 39.0
57.6 39.0
57.6 38.9
57.5 38.9
57.5 38.8
57.3 38.8
57.3 38.7
57.2 38.7
57.2 38.6
57.1 38.6
57.1 38.5
57.0 38.5
57.0 38.4
56.9 38.4
56.9 38.3
56.7 38.3
56.7 38.2
56.6 38.2
56.6 38.1
56.5 38.1
56.5 38.0
56.4 38.0
56.4 37.9
56.3 37.9
56.3 37.8
56.1 37.8
56.1 37.7
56.0 37.7
56.0 37.6
55.9 37.6
55.9 37.5
55.8 37.5
55.8 37.4
55.7 37.4
55.7 37.3
55.6 37.3
55.6 37.2
55.4 37.2
55.4 37.1
55.3 37.1
55.3 37.0
55.2 37.0
55.2 36.9
55.1 36.9
55.1 36.8
55.0 36.8
55.0 36.7
54.8 36.7
54.8 36.6
54.7 36.6
54.7 36.5
54.6 36.5
54.6 36.4
54.5 36.4
54.5 36.3
54.4 36.3
54.4 36.2
54.3 36.2
54.3 36.1
54.1 36.1
54.1 36.0
54.0 36.0
54.0 35.9
53.9 35.9
53.9 35.8
53.8 35.8
53.8 35.7
53.7 35.7
53.7 35.6
53.5 35.6
53.5 35.5
53.4 35.5
53.4 35.4
53.3 35.4
53.3 35.3
53.2 35.3
53.2 35.2
53.1 35.2
53.1 35.1
53.0 35.1
53.0 35.0
52.8 35.0
52.8 34.9
52.7 34.9
52.7 34.8
52.6 34.8
52.6 34.7
52.5 34.7
52.5 34.6
52.3 34.6
52.3 34.5
52.2 34.5
52.2 34.4
52.1 34.4
52.1 34.3
52.0 34.3
52.0 34.2
51.9 34.2
51.9 34.1
51.8 34.1
51.8 34.0
51.6 34.0
51.6 33.9
51.5 33.9
51.5 33.8
51.4 33.8
51.4 33.7
51.3 33.7
51.3 33.6
51.2 33.6
51.2 33.5
51.0 33.5
51.0 33.4
50.9 33.4
50.9 33.3
50.8 33.3
50.8 33.2
50.7 33.2
50.7 33.1
50.6 33.1
50.6 33.0
50.5 33.0
50.5 32.9
50.3 32.9
50.3 32.8
50.2 32.8
50.2 32.7
50.1 32.7
50.1 32.6
50.0 32.6
50.0 32.5
49.9 32.5
49.9 32.4
49.7 32.4
49.7 32.3
49.6 32.3
49.6 32.2
49.5 32.2
49.5 32.1
49.4 32.1
49.4 32.0
49.3 32.0
49.3 31.9
49.1 31.9
49.1 31.8
49.0 31.8
49.0 31.7
48.9 31.7
48.9 31.6
48.8 31.6
48.8 31.5
48.7 31.5
48.7 31.4
48.6 31.4
48.6 31.3
48.5 31.3
48.5 31.2
48.3 31.2
48.3 31.1
48.2 31.1
48.2 31.0
48.1 31.0
48.1 30.9
48.0 30.9
48.0 30.8
47.8 30.8
47.8 30.7
47.7 30.7
47.7 30.6
47.6 30.6
47.6 30.5
47.5 30.5
47.5 30.4
47.4 30.4
47.4 30.3
47.2 30.3
47.2 30.2
47.1 30.2
47.1 30.1
47.0 30.1
47.0 30.0
46.9 30.0
46.9 29.9
46.8 29.9
46.8 29.8
46.6 29.8
46.6 29.7
46.5 29.7
46.5 29.6
46.4 29.6
46.4 29.5
46.3 29.5
46.3 29.4
46.2 29.4
46.2 29.3
46.1 29.3
46.1 29.2
46.0 29.2
46.0 29.1
45.8 29.1
45.8 29.0
45.7 29.0
45.7 28.9
45.6 28.9
45.6 28.8
45.5 28.8
45.5 28.7
45.3 28.7
45.3 28.6
45.2 28.6
45.2 28.5
45.1 28.5
45.1 28.4
45.0 28.4
45.0 28.3
44.9 28.3
44.9 28.2
44.8 28.2
44.8 28.1
44.6 28.1
44.6 28.0
44.5 28.0
44.5 27.9
44.4 27.9
44.4 27.8
44.3 27.8
44.3 27.7
44.2 27.7
44.2 27.6
44.1 27.6
44.1 27.5
43.9 27.5
43.9 27.4
43.8 27.4
43.8 27.3
43.7 27.3
43.7 27.2
43.6 27.2
43.6 27.1
43.5 27.1
43.5 27.0
43.3 27.0
43.3 26.9
43.2 26.9
43.2 26.8
43.1 26.8
43.1 26.7
43.0 26.7
43.0 26.6
42.8 26.6
42.8 26.5
42.7 26.5
42.7 26.4
42.6 26.4
42.6 26.3
42.5 26.3
42.5 26.2
42.4 26.2
42.4 26.1
42.3 26.1
42.3 26.0
42.1 26.0
42.1 25.9
42.0 25.9
42.0 25.8
41.9 25.8
41.9 25.7
41.8 25.7
41.8 25.6
41.7 25.6
41.7 25.5
41.6 25.5
41.6 25.4
41.4 25.4
41.4 25.3
41.3 25.3
41.3 25.2
41.2 25.2
41.2 25.1
41.1 25.1
41.1 25.0
41.0 25.0
41.0 24.9
40.8 24.9
40.8 24.8
40.7 24.8
40.7 24.7
40.6 24.7
40.6 24.6
40.5 24.6
40.5 24.5
40.4 24.5
40.4 24.4
40.3 24.4
40.3 24.3
40.1 24.3
40.1 24.2
40.0 24.2
40.0 24.1
39.9 24.1
39.9 24.0
39.8 24.0
39.8 23.9
39.7 23.9
39.7 23.8
39.5 23.8
39.5 23.7
39.4 23.7
39.4 23.6
39.3 23.6
39.3 23.5
39.2 23.5
39.2 23.4
39.1 23.4
39.1 23.3
38.9 23.3
